Completed   1/2 iterations. 909.20991 seconds elapsed.
Completed   2/2 iterations. 960.17150 seconds elapsed.
Top 10 project: [  49559 3800990 1733891 3070717  124408 3100785 2933290 3988172 3988173
 3952809]
18964 1.6881298841839322e-05
4143589 1.553722350478551e-05
2914852 1.370447630559003e-05
3589150 1.3240399234175897e-05
2608001 1.0342116516267289e-05
3610819 9.96019618455096e-06
3499793 9.53034938122466e-06
4292625 9.065162139220936e-06
4292626 8.977373306094659e-06
4264842 8.446934924028916e-06
