Completed   1/2 iterations. 831.47818 seconds elapsed.
Completed   2/2 iterations. 839.08384 seconds elapsed.
Top 10 project: [  49559 1733891 3800990 3070717   49566  124408 2933290 3100785  259499
  183083]
18964 2.996160895489179e-05
2914852 1.563591738054613e-05
4143589 1.475080884296768e-05
3589150 1.4525956008084758e-05
39295 1.439905495708832e-05
2608001 1.3640527650533626e-05
3499793 1.248733995353753e-05
3610819 1.1703865252541478e-05
969643 1.0999036212929547e-05
1397366 1.0404433512481528e-05
